0 0.15546875 0.2375 0.12109375 0.14453125
0 0.24765625 0.24921875 0.1265625 0.23125
0 0.41953125 0.2234375 0.15546875 0.06875
0 0.54296875 0.2328125 0.13671875 0.0765625
0 0.38125 0.36328125 0.12109375 0.1671875
0 0.4828125 0.39765625 0.1484375 0.221875
0 0.53046875 0.31328125 0.1203125 0.10703125
0 0.625 0.30859375 0.06875 0.1078125
0 0.68984375 0.25859375 0.1015625 0.1171875
0 0.7484375 0.22421875 0.06015625 0.11875
0 0.8125 0.24375 0.04921875 0.09765625
0 0.846875 0.3078125 0.09765625 0.09296875
0 0.86015625 0.41640625 0.06796875 0.1890625
0 0.93359375 0.4328125 0.1328125 0.2
0 0.89609375 0.60234375 0.1609375 0.13828125
0 0.74375 0.54765625 0.13125 0.2015625
0 0.646875 0.67421875 0.2125 0.25234375
0 0.35078125 0.62578125 0.34921875 0.3578125
0 0.36015625 0.484375 0.12578125 0.13125