0 0.15078125 0.24375 0.1234375 0.146875
0 0.24296875 0.25390625 0.13125 0.2328125
0 0.41484375 0.225 0.15625 0.071875
0 0.53828125 0.23203125 0.1375 0.0796875
0 0.37890625 0.365625 0.1234375 0.16875
0 0.48125 0.39765625 0.1515625 0.225
0 0.52734375 0.3125 0.121875 0.109375
0 0.621875 0.30625 0.0703125 0.109375
0 0.6859375 0.25546875 0.103125 0.11875
0 0.74375 0.2203125 0.0625 0.1203125
0 0.8078125 0.23828125 0.0515625 0.0984375
0 0.84375 0.3015625 0.1 0.0953125
0 0.85859375 0.41015625 0.071875 0.190625
0 0.93203125 0.425 0.1359375 0.2015625
0 0.89765625 0.5953125 0.1640625 0.140625
0 0.74453125 0.54375 0.134375 0.203125
0 0.65 0.671875 0.2171875 0.25625
0 0.353125 0.628125 0.3546875 0.3640625
0 0.36015625 0.48671875 0.128125 0.1328125