0 0.16484375 0.22578125 0.1265625 0.1484375
0 0.25625 0.240625 0.134375 0.2359375
0 0.42890625 0.22109375 0.1578125 0.0734375
0 0.55234375 0.234375 0.1390625 0.08125
0 0.3859375 0.359375 0.1265625 0.171875
0 0.48671875 0.396875 0.15625 0.2265625
0 0.53671875 0.31484375 0.1234375 0.1109375
0 0.63125 0.31328125 0.071875 0.109375
0 0.6984375 0.265625 0.10625 0.1203125
0 0.7578125 0.2328125 0.0640625 0.1203125
0 0.82109375 0.2546875 0.053125 0.1
0 0.853125 0.3203125 0.1015625 0.096875
0 0.8625 0.42890625 0.075 0.190625
0 0.9328125 0.44765625 0.134375 0.2046875
0 0.8921875 0.61640625 0.165625 0.14375
0 0.7421875 0.55625 0.1375 0.20625
0 0.640625 0.67890625 0.221875 0.259375
0 0.34609375 0.6203125 0.3609375 0.3703125
0 0.3609375 0.4796875 0.1296875 0.1359375