0 0.26171875 0.7875 0.14765625 0.425
0 0.1828125 0.40703125 0.109375 0.26171875
0 0.32578125 0.2578125 0.0671875 0.17578125
0 0.2640625 0.14140625 0.075 0.13984375
0 0.3515625 0.09921875 0.0578125 0.14375
0 0.7671875 0.76171875 0.1765625 0.30703125
0 0.95 0.60078125 0.1 0.2640625
0 0.828125 0.51953125 0.1234375 0.1328125
0 0.8546875 0.340625 0.07890625 0.1625
0 0.7578125 0.3796875 0.1046875 0.1953125
0 0.596875 0.365625 0.13359375 0.24609375
0 0.4859375 0.0859375 0.0671875 0.08359375
0 0.52109375 0.1890625 0.11328125 0.16796875
0 0.759375 0.14921875 0.221875 0.275